1024 1 1.45438e-09
1024 2 1.45547e-09
1024 4 1.45558e-09
1024 8 1.45549e-09
1024 16 1.45441e-09
1024 32 1.455e-09
1024 64 1.45514e-09
1024 128 1.4566e-09
1024 256 1.45543e-09
1024 512 1.45466e-09


2048 1 1.45583e-09
2048 2 1.45688e-09
2048 4 1.45704e-09
2048 8 1.45509e-09
2048 16 1.45538e-09
2048 32 1.45591e-09
2048 64 1.45701e-09
2048 128 1.45499e-09
2048 256 1.45411e-09
2048 512 1.45625e-09
2048 1024 1.45609e-09


4096 1 1.45567e-09
4096 2 1.45627e-09
4096 4 1.45477e-09
4096 8 1.45813e-09
4096 16 1.45711e-09
4096 32 1.45563e-09
4096 64 1.45617e-09
4096 128 1.4559e-09
4096 256 1.45659e-09
4096 512 1.45506e-09
4096 1024 1.45533e-09
4096 2048 1.45567e-09


8192 1 1.46048e-09
8192 2 1.46754e-09
8192 4 1.47031e-09
8192 8 1.45683e-09
8192 16 1.45787e-09
8192 32 1.4563e-09
8192 64 1.45625e-09
8192 128 1.45734e-09
8192 256 1.45687e-09
8192 512 1.45788e-09
8192 1024 1.45651e-09
8192 2048 1.4556e-09
8192 4096 1.45532e-09


16384 1 1.46054e-09
16384 2 1.46968e-09
16384 4 1.70585e-09
16384 8 1.95234e-09
16384 16 2.47706e-09
16384 32 2.75382e-09
16384 64 3.60006e-09
16384 128 5.46834e-09
16384 256 5.47494e-09
16384 512 5.47859e-09
16384 1024 5.47519e-09
16384 2048 1.45535e-09
16384 4096 1.45611e-09
16384 8192 1.45612e-09


32768 1 1.45922e-09
32768 2 1.46911e-09
32768 4 1.70889e-09
32768 8 1.95587e-09
32768 16 2.48851e-09
32768 32 2.77608e-09
32768 64 3.63892e-09
32768 128 5.56241e-09
32768 256 5.64562e-09
32768 512 5.80794e-09
32768 1024 6.14852e-09
32768 2048 6.13645e-09
32768 4096 2.13217e-09
32768 8192 1.45601e-09
32768 16384 1.45524e-09


65536 1 1.46059e-09
65536 2 1.47102e-09
65536 4 1.7065e-09
65536 8 1.95602e-09
65536 16 2.48516e-09
65536 32 2.7731e-09
65536 64 3.63985e-09
65536 128 5.55171e-09
65536 256 5.64183e-09
65536 512 5.80785e-09
65536 1024 6.14756e-09
65536 2048 6.14715e-09
65536 4096 6.14917e-09
65536 8192 2.13249e-09
65536 16384 1.45631e-09
65536 32768 1.4548e-09


131072 1 1.46017e-09
131072 2 1.46869e-09
131072 4 1.70645e-09
131072 8 1.95555e-09
131072 16 2.48568e-09
131072 32 2.77849e-09
131072 64 3.64356e-09
131072 128 5.55733e-09
131072 256 5.64159e-09
131072 512 5.80822e-09
131072 1024 6.14846e-09
131072 2048 6.14765e-09
131072 4096 6.14917e-09
131072 8192 6.15814e-09
131072 16384 2.12979e-09
131072 32768 1.45535e-09
131072 65536 1.45667e-09


262144 1 1.46049e-09
262144 2 1.46804e-09
262144 4 1.70735e-09
262144 8 1.95525e-09
262144 16 2.4874e-09
262144 32 2.77998e-09
262144 64 3.6362e-09
262144 128 5.55228e-09
262144 256 5.64797e-09
262144 512 5.80934e-09
262144 1024 6.14825e-09
262144 2048 6.1481e-09
262144 4096 6.15689e-09
262144 8192 6.14873e-09
262144 16384 6.15025e-09
262144 32768 2.12993e-09
262144 65536 1.45596e-09
262144 131072 1.45614e-09


524288 1 1.46343e-09
524288 2 1.47231e-09
524288 4 1.71686e-09
524288 8 1.97148e-09
524288 16 2.54546e-09
524288 32 2.90316e-09
524288 64 3.99923e-09
524288 128 5.76615e-09
524288 256 6.03929e-09
524288 512 6.62503e-09
524288 1024 7.32815e-09
524288 2048 7.36672e-09
524288 4096 7.30938e-09
524288 8192 7.36663e-09
524288 16384 7.3579e-09
524288 32768 7.35429e-09
524288 65536 3.34784e-09
524288 131072 1.45689e-09
524288 262144 1.45612e-09


1048576 1 1.46178e-09
1048576 2 1.4715e-09
1048576 4 1.70873e-09
1048576 8 1.9611e-09
1048576 16 2.50885e-09
1048576 32 2.83333e-09
1048576 64 3.79768e-09
1048576 128 5.62365e-09
1048576 256 5.76435e-09
1048576 512 6.04725e-09
1048576 1024 6.39039e-09
1048576 2048 6.40821e-09
1048576 4096 6.41987e-09
1048576 8192 6.42785e-09
1048576 16384 6.41882e-09
1048576 32768 6.40768e-09
1048576 65536 5.95102e-09
1048576 131072 1.45828e-09
1048576 262144 1.45625e-09
1048576 524288 1.45355e-09


2097152 1 1.72438e-09
2097152 2 2.6397e-09
2097152 4 5.11321e-09
2097152 8 9.89321e-09
2097152 16 1.98675e-08
2097152 32 4.58065e-08
2097152 64 6.42045e-08
2097152 128 1.02439e-07
2097152 256 1.02372e-07
2097152 512 1.02518e-07
2097152 1024 1.02754e-07
2097152 2048 7.9247e-08
2097152 4096 7.63178e-08
2097152 8192 7.32e-08
2097152 16384 6.82397e-08
2097152 32768 6.64239e-08
2097152 65536 3.41933e-08
2097152 131072 5.4782e-09
2097152 262144 1.45661e-09
2097152 524288 1.45864e-09
2097152 1048576 1.45803e-09


4194304 1 1.73293e-09
4194304 2 2.77188e-09
4194304 4 5.30154e-09
4194304 8 1.03601e-08
4194304 16 2.13559e-08
4194304 32 4.97322e-08
4194304 64 7.12848e-08
4194304 128 1.13846e-07
4194304 256 1.13898e-07
4194304 512 1.14008e-07
4194304 1024 1.13991e-07
4194304 2048 1.08093e-07
4194304 4096 1.07118e-07
4194304 8192 1.0694e-07
4194304 16384 1.05805e-07
4194304 32768 1.05124e-07
4194304 65536 1.05317e-07
4194304 131072 6.07209e-08
4194304 262144 5.4754e-09
4194304 524288 1.45663e-09
4194304 1048576 1.45843e-09
4194304 2097152 1.45764e-09


8388608 1 1.73618e-09
8388608 2 2.77604e-09
8388608 4 5.31045e-09
8388608 8 1.03278e-08
8388608 16 2.13749e-08
8388608 32 4.96898e-08
8388608 64 7.11391e-08
8388608 128 1.1381e-07
8388608 256 1.13776e-07
8388608 512 1.13855e-07
8388608 1024 1.13758e-07
8388608 2048 1.1078e-07
8388608 4096 1.10397e-07
8388608 8192 1.10134e-07
8388608 16384 1.0965e-07
8388608 32768 1.09401e-07
8388608 65536 1.09515e-07
8388608 131072 1.08301e-07
8388608 262144 7.15666e-08
8388608 524288 5.47493e-09
8388608 1048576 1.4569e-09
8388608 2097152 1.46058e-09
8388608 4194304 1.4547e-09


16777216 1 1.73353e-09
16777216 2 2.7741e-09
16777216 4 5.30878e-09
16777216 8 1.03126e-08
16777216 16 2.13024e-08
16777216 32 4.94573e-08
16777216 64 7.10521e-08
16777216 128 1.1356e-07
16777216 256 1.13927e-07
16777216 512 1.13614e-07
16777216 1024 1.13931e-07
16777216 2048 1.11081e-07
16777216 4096 1.11081e-07
16777216 8192 1.10653e-07
16777216 16384 1.10373e-07
16777216 32768 1.1039e-07
16777216 65536 1.10834e-07
16777216 131072 1.10811e-07
16777216 262144 1.12849e-07
16777216 524288 8.3308e-08
16777216 1048576 5.47884e-09
16777216 2097152 1.45761e-09
16777216 4194304 1.45762e-09
16777216 8388608 1.45345e-09


